key1=5408.31044 Trailing spaces  
key2=5408.31045 Leading spaces
key3=5408.31046 Unicode trailing space\u0020
key4=5408.31047 \u0020 Unicode leading space
key5=5408.31048 \nLeading new line
key6=5408.31049 Trailing new line\n
key7=5408.31050 \tLeading tab
key8=5408.31051 Trailing tab\t
key9=5408.31052 \rLeading return
key10=5408.31053 Trailing return\r
key11=5408.31054 \fLeading formfeed
key12=5408.31055 Trailing formfeed\f
key13=5408.31056 Unicode trailing quote\u0022
key14=5408.31057 \u0022 Unicode leading quote
key15=5408.31058 \vLeading vertical space
key16=5408.31059 Trailing vertical space\v
